# Level | Average | Average Max | Max of Max | Average Median | Max of Median
1 0.222327 0.256338 2.5974 0.256338 2.5974
2 0.304947 0.490747 4.25532 0.263774 2.12766
3 0.414439 0.91058 6.34921 0.321768 2.46914
4 0.511943 1.30897 8.125 0.39538 3.39806
5 0.660548 1.83513 10.625 0.529491 2.9703
6 0.779089 2.31342 12.1019 0.627928 3.36427
7 0.874101 2.58175 14.0127 0.753012 4.11985
8 1.07613 3.24623 14.3312 0.939212 4.10236
9 1.20387 3.74514 15.4297 1.01462 4.04613
10 1.43693 4.60368 25.0774 1.2368 4.23167
11 1.67143 5.63538 23.8655 1.40543 3.73301
12 1.88834 6.61317 22.2023 1.53347 3.76095
13 2.06823 8.27984 25.1117 1.53191 3.90301
14 2.48262 10.1399 24.475 1.83527 4.39751
15 2.05727 15.4147 20.3687 0.335282 1.04839
16 2.10128 13.8716 17.7035 0.511707 1.00806